9999
30305
30305
30317
30317
00000
30317
30319
30319
30319
30319
30319
30319
95615
95615
95615
95615
95615
8x209
95615
123456
95615
95615
95615
95615
95615
95615
95615
95615
95615
95615
95615
95615
95615
95615
95615
95615
95615
95615
95615
95615
95615
95615
95615
95615
95615
95615
95615
95615
95615
95615
95615
95615
95615
95615
95615
95615
30305
95615
95615
95615
(9561
95616
95616
95747
95814
95818
95818
95818
95818
95819
95819
95819
95819
95819
95819
95819
95819
95819
95819
95819
95825
95825
95616
95616
95616
95627
95825
95y15
95825
95825
95825
95825
95826
00000
95826
95826
95826
95826
95826
95827
95833
95833
95833
95833
95833
95833
95833
95864
95864
95864
95864
95864
00000
95864
95864
95864
95864
95864
95867
95920
95834
95747
95835
